3110031 155629
3110031 154945
3110031 154943
3110031 155786
3110031 155781
3110031 155779
3110031 155784
3110031 155777
3110031 155780
3110031 155782
3110031 155778
3110031 154941
3110031 155785
3110031 155783
3110031 154940
3110267 151219
3110267 151215
3110267 151211
3110267 152026
3110267 152025
3110267 151217
3110267 152267
3110267 151396
36310594 152052
36310594 152089
36310594 151386
36310594 152277
36310594 151270
36310594 152097
36310594 151389
36310594 152070
36310594 153035
36310594 152281
36310594 152266
36310594 151384
36310594 152054
36310594 152099
36310594 152086
36310594 152051
36310594 152069
36310594 152047
36310594 152083
36310594 152096
36311771 152080
36311771 152050
36311771 152056
36311771 152057
36311771 152078
36311771 152104
36311771 152064
36311771 152048
36311771 151265
36311771 151385
36311771 152084
36311771 151382
36311771 152062
36311771 152265
36311771 151266
50110015 154990
50110015 155675
50110015 155676
50110015 154974
76810312 152179
76810312 152154
76810312 152177
76810312 152155
76810312 152156
76810312 152160
76810312 152161
76810312 152162
76810312 152172
76810312 152173
76810312 152157
76810312 152166
76810312 152167
76810312 152168
76810312 152176
76810312 152165
87110024 151307
87110024 151273
87110024 151306
87110024 151274
87110024 151286
87110024 151305
87110024 151282
87110024 147148
87110024 151131
87110024 151262
87310362 153211
87310362 153201
87310362 153203
87310362 153207
87310362 153210
87310362 153209
87310362 153208
87310362 153227
87310362 153228
87310362 153230
87310362 153231
87310362 153253
87310362 153254
87310362 153232
87310362 153233
87310362 153234
87310362 153235
87310362 153250
87310362 153259
87310362 153260
87310362 153261
87310362 153262
87310362 153257
87310362 153213
87310362 153212
87310362 153221
87310362 153216
87310362 153226
87310362 153224
87310362 153225
87310362 153214
87310362 153220
87310362 153219
87310362 153202
87310362 153204
87510008 154977
87510008 154981
87510008 154979
87510008 154980
87510008 155859
87510008 155856
87510008 155860
87510008 155857
87510008 155855
87510008 155753
87510008 154986
87510008 155858
87810041 154782
87810041 155616
87810041 153033
87810041 155618
87810041 155656
87810041 154123
87810041 155682
87810041 153998
87810041 152285
87810041 152289
87810041 155668
87810041 154009
87810041 152320
87810041 152321
87810041 152299
87810041 154200
87810041 154122
87810041 153331
87810041 153200
87810041 154185
87810041 154775
87810041 155004
87810041 155766
87810041 152245
87810041 152247
87810041 154847
87810041 155715
